void setup(){
background(90); 
size(800,600); 
}
void draw() {
rect(50,300,50,100); 
rect(75,275,50,125); 
rect(600,350,125,50);
rect(500,200,50,200); 
rect(300,250,30,150); 
rect(175,225,30,175);
rect(425,250,100,150);
rect(230,275,50,125);
rect(200,175,50,225);
rect(325,350,50,50);
rect(650,300,125,100); 
rect(625,250,50,150); 
rect(630,240,40,10); 
rect(635,230,30,10);
rect(645,215,10,15); 
ellipse(650.4999,275.4999,35,35); fill(150);
ellipse(650,275,30,30); fill(-80);
line(650,275,655,265); fill(50);
line(650,275,648,265);
line(0,400,1000,400);
rect(0,402,1000,18);
rect(560,390,50,25);
rect(508,390,50,25);
rect(456,390,50,25);
rect(404,390,50,25);
rect(352,390,50,25);
rect(600,395,10,10);
line(0,415,1000,415);
rect(0,425,1000,800); fill(30);
rect(50,450,300,500);
rect(250,475,200,500);
rect(0,375,150,500);
rect(500,510,400,500);
rect(575,490,400,500); 
rect(690,540,60,500); 
rect(680,440,110,40);
rect(680,450,10,40); 
rect(780,450,10,40); fill(45);
point(95,95);
point(150,150);
point(400,50);
point(340,75);
point(700,100);
point(650,150);
point(500,75);
}
